e,15083,16.984595
n,8686,9.781091
r,6756,7.607765
i,6722,7.569479
s,5242,5.902887
t,5178,5.830818
a,4574,5.150669
d,4276,4.815098
h,4135,4.656322
l,3482,3.920995
u,3461,3.897347
g,3170,3.569659
c,2473,2.784784
m,2153,2.424440
o,2025,2.280303
b,1871,2.106887
f,1698,1.912076
w,1506,1.695870
k,1105,1.244313
z,932,1.049502
v,822,0.925634
p,650,0.731949
ü,601,0.676771
ä,434,0.488717
ö,258,0.290527
1,236,0.265754
0,200,0.225215
j,148,0.166659
-,124,0.139633
2,118,0.132877
5,110,0.123868
8,99,0.111481
9,90,0.101347
4,71,0.079951
6,71,0.079951
3,68,0.076573
y,65,0.073195
7,52,0.058556
x,21,0.023648
',19,0.021395
q,18,0.020269
°,1,0.001126
