e,17959,17.741139
n,10651,10.521792
i,7655,7.562137
r,7097,7.010906
s,6282,6.205793
t,5978,5.905481
d,5735,5.665429
a,5525,5.457976
h,5043,4.981823
l,3550,3.506935
u,3213,3.174023
g,3155,3.116727
c,2817,2.782827
o,2506,2.475600
m,2350,2.321492
b,1752,1.730746
f,1460,1.442289
w,1339,1.322757
k,1293,1.277315
z,1103,1.089619
p,1028,1.015529
v,771,0.761647
ü,670,0.661872
ä,526,0.519619
ß,403,0.398111
ö,353,0.348718
y,237,0.234125
j,140,0.138302
-,126,0.124471
x,97,0.095823
0,80,0.079030
«,57,0.056309
»,57,0.056309
1,40,0.039515
Ä,30,0.029636
8,20,0.019757
3,19,0.018770
Ü,17,0.016794
5,15,0.014818
q,13,0.012842
7,12,0.011854
2,11,0.010867
9,11,0.010867
4,9,0.008891
',8,0.007903
#,6,0.005927
6,5,0.004939
Ö,2,0.001976
+,2,0.001976
